=====================
=== test_filterNR ===
=====================
----------------
--- test_fir ---
----------------
FA32    FA16    Fi8    Fi16   FG     iirf   irq1   irq3    
126.59 100.12  57.59  89.49   0.50   0.20   0.20   0.20 
 60.08  58.61  57.38  61.71   0.50   0.40   0.40   0.40 
 62.89  54.64  41.42  50.96   0.50   0.60   0.60   0.60 
114.84 154.39 169.22 165.95   0.50   0.80   0.80   0.80 
111.58  95.28  51.57  51.57   0.50   0.20   0.20   0.20 
 77.55  59.09  40.09  40.09   0.50   0.40   0.40   0.40 
 63.84  82.21 456.17 456.17   0.50   0.60   0.60   0.60 
 63.52  54.64  39.95  39.95   0.50   0.80   0.80   0.80 
546.10 273.33  39.49 235.80   0.50   0.20   0.20   0.20 
-120.95 285.15  38.76 252.88   0.50   0.40   0.40   0.40 
 68.02  54.91  31.82  52.75   0.50   0.60   0.60   0.60 
 56.54  49.64  31.78  48.50   0.50   0.80   0.80   0.80 
 52.00  59.83  76.28  76.28   0.50   0.20   0.20   0.20 
 42.58  46.62  50.63  50.63   0.50   0.40   0.40   0.40 
 69.29  58.61  30.93  30.93   0.50   0.60   0.60   0.60 
-53.30 -85.85  38.00  38.00   0.50   0.80   0.80   0.80 
 85.60  68.23  48.13  66.45   0.50   0.20   0.20   0.20 
 60.74  52.82  41.36  51.16   0.50   0.40   0.40   0.40 
136.66 142.63 104.09 165.95   0.50   0.60   0.60   0.60 
243.97 422.41 496.65 -2160.62   0.50   0.80   0.80   0.80 
165.95 101.65  46.80  46.80   0.50   0.20   0.20   0.20 
 61.29  50.89  38.53  38.53   0.50   0.40   0.40   0.40 
-344.62 348.01  57.49  57.49   0.50   0.60   0.60   0.60 
243.97 108.58  48.18  48.18   0.50   0.80   0.80   0.80 
108.58  78.89  34.69  70.89   0.50   0.20   0.20   0.20 
126.59 214.86  50.00 262.62   0.50   0.40   0.40   0.40 
 73.41  69.29  37.74  67.03   0.50   0.60   0.60   0.60 
1532.41 422.41  41.47 273.33   0.50   0.80   0.80   0.80 
 46.67  42.83  28.89  28.89   0.50   0.20   0.20   0.20 
 42.20  38.98  27.15  27.15   0.50   0.40   0.40   0.40 
 88.46  74.52  33.38  33.38   0.50   0.60   0.60   0.60 
 86.52 120.95  47.72  47.72   0.50   0.80   0.80   0.80 
 60.21  50.12  39.08  47.82   0.50   0.20   0.20   0.20 
 57.16  53.30  50.12  56.64   0.50   0.40   0.40   0.40 
 68.86  67.62  49.29  62.89   0.50   0.60   0.60   0.60 
262.62 147.03  69.51 134.83   0.50   0.80   0.80   0.80 
 98.66 198.04 203.26 203.26   0.50   0.20   0.20   0.20 
546.10 188.55  62.59  62.59   0.50   0.40   0.40   0.40 
 77.55  62.14  41.55  41.55   0.50   0.60   0.60   0.60 
112.63  68.02  43.05  43.05   0.50   0.80   0.80   0.80 
 41.44  41.83  34.46  41.50   0.50   0.20   0.20   0.20 
144.78 228.27  64.16 546.10   0.50   0.40   0.40   0.40 
-138.79 -1051.87  41.58 4488.20   0.50   0.60   0.60   0.60 
 90.02  67.62  33.72  67.62   0.50   0.80   0.80   0.80 
-310.72 4488.20  35.97  35.97   0.50   0.20   0.20   0.20 
214.86 104.94  33.23  33.23   0.50   0.40   0.40   0.40 
-159.89 176.30  34.79  34.79   0.50   0.60   0.60   0.60 
 68.02  86.99  53.87  53.87   0.50   0.80   0.80   0.80 
104.94  77.23  49.52  72.36   1.00   0.20   0.20   0.20 
687.21 221.31  67.62 144.78   1.00   0.40   0.40   0.40 
 72.62  70.65  55.19  69.51   1.00   0.60   0.60   0.60 
140.56 142.63  84.71 133.06   1.00   0.80   0.80   0.80 
188.55 123.68  59.83  59.83   1.00   0.20   0.20   0.20 
496.65 312.91  62.59  62.59   1.00   0.40   0.40   0.40 
165.95  96.59  48.67  48.67   1.00   0.60   0.60   0.60 
214.86  94.65  47.82  47.82   1.00   0.80   0.80   0.80 
122.29  79.94  35.52  79.23   1.00   0.20   0.20   0.20 
-53.30 -216.95  42.31 -281.97   1.00   0.40   0.40   0.40 
-148.87    inf  40.75 546.10   1.00   0.60   0.60   0.60 
312.91 180.15  42.02 176.30   1.00   0.80   0.80   0.80 
100.88 193.14  48.67  48.67   1.00   0.20   0.20   0.20 
193.14  87.47  32.01  32.01   1.00   0.40   0.40   0.40 
2271.47 188.55  34.34  34.34   1.00   0.60   0.60   0.60 
 59.33  50.57  28.82  28.82   1.00   0.80   0.80   0.80 
-385.24 329.37  77.55 298.27   1.00   0.20   0.20   0.20 
-200.27 -385.24  88.97 4488.20   1.00   0.40   0.40   0.40 
 50.70  47.57  40.27  46.85   1.00   0.60   0.60   0.60 
 65.18  58.26  44.86  55.37   1.00   0.80   0.80   0.80 
298.27 142.63  54.82  54.82   1.00   0.20   0.20   0.20 
 88.46  67.22  41.69  41.69   1.00   0.40   0.40   0.40 
 92.82  75.68  45.83  45.83   1.00   0.60   0.60   0.60 
123.68 159.89 100.88 100.88   1.00   0.80   0.80   0.80 
 71.86  83.85  52.22  84.27   1.00   0.20   0.20   0.20 
 48.78  46.62  32.43  46.17   1.00   0.40   0.40   0.40 
 79.94  93.42  49.64  95.93   1.00   0.60   0.60   0.60 
 72.62  58.15  32.90  56.34   1.00   0.80   0.80   0.80 
 85.60 147.03  45.92  45.92   1.00   0.20   0.20   0.20 
119.65 100.12  32.88  32.88   1.00   0.40   0.40   0.40 
 61.85  52.37  29.50  29.50   1.00   0.60   0.60   0.60 
100.12 119.65  41.34  41.34   1.00   0.80   0.80   0.80 
-1421.54 -148.87 203.26 -148.87   1.00   0.20   0.20   0.20 
105.82  97.95  56.64  82.21   1.00   0.40   0.40   0.40 
 63.20  59.96  49.64  60.34   1.00   0.60   0.60   0.60 
147.03  88.97  50.44  75.98   1.00   0.80   0.80   0.80 
111.58  77.55  43.11  43.11   1.00   0.20   0.20   0.20 
142.63  91.11  44.98  44.98   1.00   0.40   0.40   0.40 
100.88  75.09  43.84  43.84   1.00   0.60   0.60   0.60 
-385.24 329.37  60.34  60.34   1.00   0.80   0.80   0.80 
-63.58 -42.79  47.32 -68.86   1.00   0.20   0.20   0.20 
159.89 243.97  45.06 208.86   1.00   0.40   0.40   0.40 
-74.30 -159.89  43.18 -200.27   1.00   0.60   0.60   0.60 
-216.95 -829.96  41.63 -4377.37   1.00   0.80   0.80   0.80 
108.58  78.54  33.16  33.16   1.00   0.20   0.20   0.20 
 54.21  50.76  32.52  32.52   1.00   0.40   0.40   0.40 
 53.70  48.78  30.18  30.18   1.00   0.60   0.60   0.60 
940.93 -235.80  39.45  39.45   1.00   0.80   0.80   0.80 
 77.88  73.68  53.95  70.42   1.50   0.20   0.20   0.20 
169.22 102.44  55.28  91.11   1.50   0.40   0.40   0.40 
2271.47 -344.62 198.04 -281.97   1.50   0.60   0.60   0.60 
115.99 147.03  96.59 140.56   1.50   0.80   0.80   0.80 
 63.36  57.38  38.38  38.38   1.50   0.20   0.20   0.20 
4488.20 546.10  59.09  59.09   1.50   0.40   0.40   0.40 
184.22 1162.79 687.21 687.21   1.50   0.60   0.60   0.60 
 70.42  56.95  39.20  39.20   1.50   0.80   0.80   0.80 
 51.57  47.62  31.53  46.62   1.50   0.20   0.20   0.20 
126.59  89.49  35.54  80.68   1.50   0.40   0.40   0.40 
104.94  69.51  33.53  68.44   1.50   0.60   0.60   0.60 
214.86 -681.92  52.37 -216.95   1.50   0.80   0.80   0.80 
120.95 172.66  45.38  45.38   1.50   0.20   0.20   0.20 
 66.08  74.80  39.88  39.88   1.50   0.40   0.40   0.40 
221.31 -129.52  42.95  42.95   1.50   0.60   0.60   0.60 
140.56 102.44  33.54  33.54   1.50   0.80   0.80   0.80 
 54.04  54.56  47.13  53.87   1.50   0.20   0.20   0.20 
 83.85  67.42  48.03  66.08   1.50   0.40   0.40   0.40 
456.17 184.22  71.61 169.22   1.50   0.60   0.60   0.60 
 79.59  72.11  50.00  66.83   1.50   0.80   0.80   0.80 
 87.47 117.17 198.04 198.04   1.50   0.20   0.20   0.20 
117.17  75.38  46.80  46.80   1.50   0.40   0.40   0.40 
188.55 607.86 134.83 134.83   1.50   0.60   0.60   0.60 
-434.79 149.37  54.47  54.47   1.50   0.80   0.80   0.80 
-385.24 -68.86  50.19 -53.30   1.50   0.20   0.20   0.20 
-85.85 -235.80  41.97 -4377.37   1.50   0.40   0.40   0.40 
136.66  92.24  36.15  86.99   1.50   0.60   0.60   0.60 
-148.87 -63.58  46.35 -85.85   1.50   0.80   0.80   0.80 
456.17 203.26  34.71  34.71   1.50   0.20   0.20   0.20 
 72.36  79.23  39.47  39.47   1.50   0.40   0.40   0.40 
-496.65 393.82  35.44  35.44   1.50   0.60   0.60   0.60 
138.57  86.52  32.04  32.04   1.50   0.80   0.80   0.80 
 85.60  88.46  61.01  81.05   1.50   0.20   0.20   0.20 
188.55 134.83  60.47 105.82   1.50   0.40   0.40   0.40 
 67.42  63.20  47.82  60.47   1.50   0.60   0.60   0.60 
235.80 134.83  63.36 119.65   1.50   0.80   0.80   0.80 
129.71 105.82  49.40  49.40   1.50   0.20   0.20   0.20 
-53.30 -105.57  78.54  78.54   1.50   0.40   0.40   0.40 
 55.94  52.98  42.98  42.98   1.50   0.60   0.60   0.60 
180.15 131.35  57.93  57.93   1.50   0.80   0.80   0.80 
-281.97 312.91  39.99 312.91   1.50   0.20   0.20   0.20 
 61.85  49.17  30.70  49.17   1.50   0.40   0.40   0.40 
 59.83  50.70  30.83  47.92   1.50   0.60   0.60   0.60 
422.41 184.22  41.44 172.66   1.50   0.80   0.80   0.80 
-496.65 -42.79  41.15  41.15   1.50   0.20   0.20   0.20 
133.06 193.14  40.36  40.36   1.50   0.40   0.40   0.40 
-159.89 2271.47  36.36  36.36   1.50   0.60   0.60   0.60 
198.04 111.58  32.40  32.40   1.50   0.80   0.80   0.80 
149.37 546.10    inf -344.62   2.00   0.20   0.20   0.20 
147.03  97.26  53.79  85.60   2.00   0.40   0.40   0.40 
 69.29  65.01  50.76  64.00   2.00   0.60   0.60   0.60 
151.82 112.63  60.08  95.93   2.00   0.80   0.80   0.80 
-385.24 -185.38 101.65 101.65   2.00   0.20   0.20   0.20 
 94.03  77.55  47.23  47.23   2.00   0.40   0.40   0.40 
108.58  78.21  44.02  44.02   2.00   0.60   0.60   0.60 
 95.93  97.26  57.38  57.38   2.00   0.80   0.80   0.80 
151.82 607.86  54.91 546.10   2.00   0.20   0.20   0.20 
 76.28  60.21  33.01  56.44   2.00   0.40   0.40   0.40 
 87.47 113.72  54.64 123.68   2.00   0.60   0.60   0.60 
-200.27 -385.24  43.77 -385.24   2.00   0.80   0.80   0.80 
 73.68  59.45  30.61  30.61   2.00   0.20   0.20   0.20 
103.26 104.09  38.49  38.49   2.00   0.40   0.40   0.40 
 82.61 100.88  43.74  43.74   2.00   0.60   0.60   0.60 
-434.79 -216.95  38.94  38.94   2.00   0.80   0.80   0.80 
 56.34  56.54  49.23  54.47   2.00   0.20   0.20   0.20 
 88.97  73.96  52.07  70.89   2.00   0.40   0.40   0.40 
108.58  85.15  54.64  76.91   2.00   0.60   0.60   0.60 
-4377.37 393.82  82.61 285.15   2.00   0.80   0.80   0.80 
369.29 1532.41  87.47  87.47   2.00   0.20   0.20   0.20 
144.78 154.39  71.13  71.13   2.00   0.40   0.40   0.40 
 54.12  49.88  39.28  39.28   2.00   0.60   0.60   0.60 
149.37 115.99  54.04  54.04   2.00   0.80   0.80   0.80 
 51.23  51.16  35.78  51.71   2.00   0.20   0.20   0.20 
107.64  78.89  34.89  73.68   2.00   0.40   0.40   0.40 
 84.71  64.16  34.11  62.89   2.00   0.60   0.60   0.60 
 64.50  60.74  34.96  57.38   2.00   0.80   0.80   0.80 
1532.41 157.07  35.14  35.14   2.00   0.20   0.20   0.20 
-344.62 285.15  34.68  34.68   2.00   0.40   0.40   0.40 
-200.27 -36.99  40.29  40.29   2.00   0.60   0.60   0.60 
131.35 128.12  38.59  38.59   2.00   0.80   0.80   0.80 
 79.94  79.59  64.33  77.55   2.00   0.20   0.20   0.20 
 97.95 109.55  64.33  94.65   2.00   0.40   0.40   0.40 
105.82 147.03  82.61 126.59   2.00   0.60   0.60   0.60 
 65.36  67.42  71.86  68.86   2.00   0.80   0.80   0.80 
 59.96  55.19  41.50  41.50   2.00   0.20   0.20   0.20 
125.11 113.72  55.47  55.47   2.00   0.40   0.40   0.40 
149.37 198.04  75.09  75.09   2.00   0.60   0.60   0.60 
273.33 348.01  80.31  80.31   2.00   0.80   0.80   0.80 
-98.61 -129.52  44.56 -148.87   2.00   0.20   0.20   0.20 
-434.79 1532.41  42.02 546.10   2.00   0.40   0.40   0.40 
 73.41  61.29  33.95  60.61   2.00   0.60   0.60   0.60 
 49.58  47.77  34.49  47.82   2.00   0.80   0.80   0.80 
235.80  96.59  33.69  33.69   2.00   0.20   0.20   0.20 
-148.87 -4377.37  34.83  34.83   2.00   0.40   0.40   0.40 
 57.49  49.58  29.09  29.09   2.00   0.60   0.60   0.60 
188.55 129.71  32.69  32.69   2.00   0.80   0.80   0.80 
 38.66  37.71  34.01  36.77   0.50   0.20   0.20   0.20 
 45.50  41.77  36.19  41.18   0.50   0.40   0.40   0.40 
 46.57  42.46  36.00  41.80   0.50   0.60   0.60   0.60 
 58.85  55.56  45.42  53.95   0.50   0.80   0.80   0.80 
107.64 103.26  62.00  62.00   0.50   0.20   0.20   0.20 
 90.02  86.52  49.76  49.76   0.50   0.40   0.40   0.40 
 31.27  32.50  36.47  36.47   0.50   0.60   0.60   0.60 
 62.14  58.15  48.50  48.50   0.50   0.80   0.80   0.80 
 57.27  74.80 140.56  79.94   0.50   0.20   0.20   0.20 
 56.85  63.05  48.61  64.50   0.50   0.40   0.40   0.40 
 75.09 105.82  84.27 123.68   0.50   0.60   0.60   0.60 
 54.21  55.94  38.57  55.85   0.50   0.80   0.80   0.80 
120.95  82.61  31.41  31.41   0.50   0.20   0.20   0.20 
110.55 126.59  39.34  39.34   0.50   0.40   0.40   0.40 
131.35 546.10  42.89  42.89   0.50   0.60   0.60   0.60 
 34.09  34.65  36.33  36.33   0.50   0.80   0.80   0.80 
 41.21  40.11  37.79  40.15   0.50   0.20   0.20   0.20 
 44.90  42.02  35.67  41.28   0.50   0.40   0.40   0.40 
235.80 214.86  78.89 169.22   0.50   0.60   0.60   0.60 
 31.62  30.73  28.68  30.63   0.50   0.80   0.80   0.80 
 73.96  60.21  40.95  40.95   0.50   0.20   0.20   0.20 
 58.15  57.70  44.83  44.83   0.50   0.40   0.40   0.40 
 38.88  36.72  31.88  31.88   0.50   0.60   0.60   0.60 
151.82 115.99  56.04  56.04   0.50   0.80   0.80   0.80 
 49.40  45.50  31.12  45.38   0.50   0.20   0.20   0.20 
 64.67  59.70  35.61  57.93   0.50   0.40   0.40   0.40 
792.96 456.17  44.02 348.01   0.50   0.60   0.60   0.60 
 95.93  69.29  34.80  66.08   0.50   0.80   0.80   0.80 
 57.06  56.64  31.73  31.73   0.50   0.20   0.20   0.20 
 60.88  52.52  29.92  29.92   0.50   0.40   0.40   0.40 
-1051.87 -79.94  41.66  41.66   0.50   0.60   0.60   0.60 
 34.34  35.35  42.22  42.22   0.50   0.80   0.80   0.80 
 40.27  38.59  35.95  38.38   0.50   0.20   0.20   0.20 
 51.64  54.56  57.59  54.64   0.50   0.40   0.40   0.40 
100.12  90.02  61.15  83.43   0.50   0.60   0.60   0.60 
 47.28  51.57  58.04  52.07   0.50   0.80   0.80   0.80 
111.58  76.91  45.58  45.58   0.50   0.20   0.20   0.20 
 60.61  58.97  54.04  54.04   0.50   0.40   0.40   0.40 
235.80 1532.41  94.65  94.65   0.50   0.60   0.60   0.60 
 38.16  36.50  33.08  33.08   0.50   0.80   0.80   0.80 
 53.30  56.95  45.14  56.64   0.50   0.20   0.20   0.20 
 57.38  53.95  34.60  53.70   0.50   0.40   0.40   0.40 
104.09  64.67  33.27  64.16   0.50   0.60   0.60   0.60 
 44.83  43.18  31.12  43.18   0.50   0.80   0.80   0.80 
 46.57  52.52  65.54  65.54   0.50   0.20   0.20   0.20 
169.22 180.15  36.77  36.77   0.50   0.40   0.40   0.40 
243.97 792.96  39.00  39.00   0.50   0.60   0.60   0.60 
 40.51  36.44  26.22  26.22   0.50   0.80   0.80   0.80 
 54.38  58.49  54.56  59.09   1.00   0.20   0.20   0.20 
193.14 140.56  73.68 136.66   1.00   0.40   0.40   0.40 
 45.96  48.13  48.40  49.11   1.00   0.60   0.60   0.60 
 55.19  56.75  47.52  54.91   1.00   0.80   0.80   0.80 
 40.46  39.95  36.40  36.40   1.00   0.20   0.20   0.20 
203.26 -385.24 456.17 456.17   1.00   0.40   0.40   0.40 
2271.47 243.97  64.33  64.33   1.00   0.60   0.60   0.60 
 75.09  58.85  40.09  40.09   1.00   0.80   0.80   0.80 
 58.85  65.54  46.48  65.54   1.00   0.20   0.20   0.20 
 60.88  51.16  31.31  50.00   1.00   0.40   0.40   0.40 
 89.49  79.59  35.48  69.51   1.00   0.60   0.60   0.60 
 62.29  57.06  34.67  55.56   1.00   0.80   0.80   0.80 
198.04 117.17  34.24  34.24   1.00   0.20   0.20   0.20 
 62.89  54.56  29.65  29.65   1.00   0.40   0.40   0.40 
 67.42  75.09  38.76  38.76   1.00   0.60   0.60   0.60 
 50.44  52.07  36.36  36.36   1.00   0.80   0.80   0.80 
 79.94  75.09  57.93  71.86   1.00   0.20   0.20   0.20 
 70.89  80.31  64.00  79.23   1.00   0.40   0.40   0.40 
214.86 208.86  81.05 172.66   1.00   0.60   0.60   0.60 
 37.03  34.66  31.29  34.48   1.00   0.80   0.80   0.80 
 57.49  53.79  40.55  40.55   1.00   0.20   0.20   0.20 
 47.57  46.71  38.94  38.94   1.00   0.40   0.40   0.40 
 66.64  75.38 117.17 117.17   1.00   0.60   0.60   0.60 
 33.93  33.80  33.99  33.99   1.00   0.80   0.80   0.80 
 52.00  51.57  36.55  50.83   1.00   0.20   0.20   0.20 
 70.19 102.44  89.49 128.12   1.00   0.40   0.40   0.40 
-120.95 -112.99  44.38 -138.79   1.00   0.60   0.60   0.60 
 95.93  75.38  38.29  77.55   1.00   0.80   0.80   0.80 
111.58  94.65  34.48  34.48   1.00   0.20   0.20   0.20 
 45.96  48.08  36.46  36.46   1.00   0.40   0.40   0.40 
 41.00  38.04  26.56  26.56   1.00   0.60   0.60   0.60 
 35.99  33.57  25.60  25.60   1.00   0.80   0.80   0.80 
 40.87  41.50  41.58  41.47   1.00   0.20   0.20   0.20 
 76.91  65.36  47.62  61.29   1.00   0.40   0.40   0.40 
 45.58  41.13  35.56  40.32   1.00   0.60   0.60   0.60 
 79.59  73.41  54.29  69.29   1.00   0.80   0.80   0.80 
 41.28  38.94  31.63  31.63   1.00   0.20   0.20   0.20 
104.94 104.94  67.03  67.03   1.00   0.40   0.40   0.40 
 69.07  59.21  41.91  41.91   1.00   0.60   0.60   0.60 
546.10 792.96  76.28  76.28   1.00   0.80   0.80   0.80 
 54.73  48.56  32.32  47.72   1.00   0.20   0.20   0.20 
 57.93  56.85  35.57  56.85   1.00   0.40   0.40   0.40 
 62.59  60.74  37.28  59.70   1.00   0.60   0.60   0.60 
 40.11  37.49  28.64  37.15   1.00   0.80   0.80   0.80 
 68.02  83.85  43.91  43.91   1.00   0.20   0.20   0.20 
 95.93  68.86  30.69  30.69   1.00   0.40   0.40   0.40 
 61.15  77.55  49.58  49.58   1.00   0.60   0.60   0.60 
 65.18  66.27  33.11  33.11   1.00   0.80   0.80   0.80 
 40.13  40.48  40.65  40.80   1.50   0.20   0.20   0.20 
 39.86  41.10  44.20  41.55   1.50   0.40   0.40   0.40 
 75.68  67.82  54.21  67.03   1.50   0.60   0.60   0.60 
133.06 107.64  62.74 102.44   1.50   0.80   0.80   0.80 
 54.38  49.46  39.38  39.38   1.50   0.20   0.20   0.20 
104.94  87.96  50.63  50.63   1.50   0.40   0.40   0.40 
329.37 203.26  61.85  61.85   1.50   0.60   0.60   0.60 
 50.50  45.06  35.31  35.31   1.50   0.80   0.80   0.80 
151.82 214.86  42.37 180.15   1.50   0.20   0.20   0.20 
 52.37  47.32  30.91  46.44   1.50   0.40   0.40   0.40 
 44.38  42.34  31.82  42.34   1.50   0.60   0.60   0.60 
151.82 118.39  37.79 104.09   1.50   0.80   0.80   0.80 
 40.27  37.26  26.49  26.49   1.50   0.20   0.20   0.20 
 83.85  81.43  37.44  37.44   1.50   0.40   0.40   0.40 
 85.60  66.83  30.27  30.27   1.50   0.60   0.60   0.60 
 65.01  52.98  29.71  29.71   1.50   0.80   0.80   0.80 
 86.05  83.43  59.33  78.21   1.50   0.20   0.20   0.20 
 90.56  86.52  69.29  86.99   1.50   0.40   0.40   0.40 
 54.04  53.30  44.86  51.79   1.50   0.60   0.60   0.60 
 43.02  40.20  34.61  39.06   1.50   0.80   0.80   0.80 
 50.96  47.98  37.59  37.59   1.50   0.20   0.20   0.20 
 30.86  30.63  29.80  29.80   1.50   0.40   0.40   0.40 
 79.23  97.26  89.49  89.49   1.50   0.60   0.60   0.60 
142.63 243.97 112.63 112.63   1.50   0.80   0.80   0.80 
456.17 -681.92  49.40 -829.96   1.50   0.20   0.20   0.20 
 72.62  61.57  34.24  59.58   1.50   0.40   0.40   0.40 
129.71  82.61  36.10  81.05   1.50   0.60   0.60   0.60 
 46.71  44.09  31.58  43.40   1.50   0.80   0.80   0.80 
 45.96  51.57  56.95  56.95   1.50   0.20   0.20   0.20 
 42.89  44.49  34.40  34.40   1.50   0.40   0.40   0.40 
 49.00  45.26  28.93  28.93   1.50   0.60   0.60   0.60 
 84.71  66.83  31.46  31.46   1.50   0.80   0.80   0.80 
 83.43  69.96  52.22  67.62   1.50   0.20   0.20   0.20 
 39.32  36.26  31.98  35.59   1.50   0.40   0.40   0.40 
 57.16  49.64  39.41  47.42   1.50   0.60   0.60   0.60 
 35.97  34.69  31.62  34.31   1.50   0.80   0.80   0.80 
 58.49  50.06  37.74  37.74   1.50   0.20   0.20   0.20 
 37.56  35.31  31.23  31.23   1.50   0.40   0.40   0.40 
 49.94  43.95  35.15  35.15   1.50   0.60   0.60   0.60 
422.41 214.86  62.29  62.29   1.50   0.80   0.80   0.80 
 48.50  46.62  33.48  46.76   1.50   0.20   0.20   0.20 
 57.93  56.75  36.60  54.12   1.50   0.40   0.40   0.40 
 53.06  46.22  30.41  46.00   1.50   0.60   0.60   0.60 
 56.34  49.76  31.51  47.92   1.50   0.80   0.80   0.80 
 67.62  57.93  32.32  32.32   1.50   0.20   0.20   0.20 
 46.04  40.75  27.20  27.20   1.50   0.40   0.40   0.40 
 52.90  44.75  28.43  28.43   1.50   0.60   0.60   0.60 
 44.34  51.30  92.82  92.82   1.50   0.80   0.80   0.80 
 43.05  41.10  37.71  41.10   2.00   0.20   0.20   0.20 
 46.57  42.98  36.14  42.08   2.00   0.40   0.40   0.40 
 31.49  30.96  29.71  30.97   2.00   0.60   0.60   0.60 
 45.83  47.62  48.45  47.23   2.00   0.80   0.80   0.80 
 95.28  68.65  43.84  43.84   2.00   0.20   0.20   0.20 
 48.45  53.22  58.26  58.26   2.00   0.40   0.40   0.40 
4488.20 208.86  54.47  54.47   2.00   0.60   0.60   0.60 
147.03 369.29 162.84 162.84   2.00   0.80   0.80   0.80 
 42.95  42.25  33.51  42.11   2.00   0.20   0.20   0.20 
 81.05  62.29  32.91  60.74   2.00   0.40   0.40   0.40 
 61.71  52.75  32.38  52.37   2.00   0.60   0.60   0.60 
-138.79 -344.62  40.87 -2160.62   2.00   0.80   0.80   0.80 
 57.38  56.95  33.49  33.49   2.00   0.20   0.20   0.20 
285.15 -385.24  40.02  40.02   2.00   0.40   0.40   0.40 
 32.63  31.61  25.90  25.90   2.00   0.60   0.60   0.60 
 91.67  67.82  31.22  31.22   2.00   0.80   0.80   0.80 
 53.79  56.64  56.24  57.49   2.00   0.20   0.20   0.20 
 53.38  55.09  55.75  57.59   2.00   0.40   0.40   0.40 
 72.11  64.84  51.79  65.01   2.00   0.60   0.60   0.60 
 40.39  37.97  32.55  36.34   2.00   0.80   0.80   0.80 
 30.38  29.63  27.07  27.07   2.00   0.20   0.20   0.20 
 86.05  87.47  61.43  61.43   2.00   0.40   0.40   0.40 
 72.88  59.45  42.31  42.31   2.00   0.60   0.60   0.60 
 96.59 131.35 110.55 110.55   2.00   0.80   0.80   0.80 
 37.72  35.62  27.75  35.14   2.00   0.20   0.20   0.20 
 39.99  41.13  37.25  41.71   2.00   0.40   0.40   0.40 
 70.89  83.85  46.00  86.52   2.00   0.60   0.60   0.60 
 61.15  77.23  50.57  76.91   2.00   0.80   0.80   0.80 
 33.68  31.79  24.95  24.95   2.00   0.20   0.20   0.20 
 37.90  35.72  26.01  26.01   2.00   0.40   0.40   0.40 
 77.23  69.29  33.98  33.98   2.00   0.60   0.60   0.60 
 37.20  35.87  26.30  26.30   2.00   0.80   0.80   0.80 
 60.34  60.74  60.34  63.68   2.00   0.20   0.20   0.20 
 82.21  81.43  55.75  75.98   2.00   0.40   0.40   0.40 
 39.58  40.53  40.13  40.27   2.00   0.60   0.60   0.60 
120.95  87.47  57.38  83.02   2.00   0.80   0.80   0.80 
 58.85  61.71  49.29  49.29   2.00   0.20   0.20   0.20 
235.80 262.62  71.86  71.86   2.00   0.40   0.40   0.40 
 94.03 129.71 118.39 118.39   2.00   0.60   0.60   0.60 
 73.68  64.16  45.30  45.30   2.00   0.80   0.80   0.80 
 42.05  39.73  29.46  39.04   2.00   0.20   0.20   0.20 
 57.06  54.38  37.93  55.56   2.00   0.40   0.40   0.40 
 37.98  39.58  45.83  40.60   2.00   0.60   0.60   0.60 
 46.76  42.31  30.17  41.77   2.00   0.80   0.80   0.80 
 37.34  34.31  25.71  25.71   2.00   0.20   0.20   0.20 
 39.02  37.91  29.50  29.50   2.00   0.40   0.40   0.40 
 46.71  47.04  34.32  34.32   2.00   0.60   0.60   0.60 
 55.56  66.45  49.29  49.29   2.00   0.80   0.80   0.80 
 54.38  59.70  76.59  64.16   0.50   0.20   0.20   0.20 
 35.36  34.64  32.05  34.24   0.50   0.40   0.40   0.40 
 40.36  38.76  35.47  38.38   0.50   0.60   0.60   0.60 
 34.74  35.32  33.60  34.73   0.50   0.80   0.80   0.80 
 56.34  63.20  60.34  60.34   0.50   0.20   0.20   0.20 
 31.37  30.00  27.27  27.27   0.50   0.40   0.40   0.40 
 34.64  34.88  33.40  33.40   0.50   0.60   0.60   0.60 
 85.15 104.09 165.95 165.95   0.50   0.80   0.80   0.80 
 41.91  39.04  28.63  38.45   0.50   0.20   0.20   0.20 
 34.46  32.45  26.42  32.34   0.50   0.40   0.40   0.40 
 86.05  69.07  36.44  67.22   0.50   0.60   0.60   0.60 
 31.38  31.90  33.07  32.01   0.50   0.80   0.80   0.80 
 64.67  70.65  40.55  40.55   0.50   0.20   0.20   0.20 
172.66  94.65  33.38  33.38   0.50   0.40   0.40   0.40 
 32.09  31.38  27.01  27.01   0.50   0.60   0.60   0.60 
 40.73  38.90  26.62  26.62   0.50   0.80   0.80   0.80 
 30.60  30.40  29.19  30.22   0.50   0.20   0.20   0.20 
 28.66  28.13  27.07  28.08   0.50   0.40   0.40   0.40 
 58.61  52.07  41.94  50.50   0.50   0.60   0.60   0.60 
 35.32  34.95  33.98  34.96   0.50   0.80   0.80   0.80 
 59.45  52.90  41.28  41.28   0.50   0.20   0.20   0.20 
 39.02  38.02  32.08  32.08   0.50   0.40   0.40   0.40 
 55.09  61.57  56.54  56.54   0.50   0.60   0.60   0.60 
 35.38  37.42  43.24  43.24   0.50   0.80   0.80   0.80 
100.88 165.95  56.24 203.26   0.50   0.20   0.20   0.20 
 44.20  46.39  43.21  48.24   0.50   0.40   0.40   0.40 
 65.54 101.65  85.15 108.58   0.50   0.60   0.60   0.60 
 86.05 102.44  48.89 102.44   0.50   0.80   0.80   0.80 
 63.68  59.96  32.27  32.27   0.50   0.20   0.20   0.20 
 86.52 103.26  40.46  40.46   0.50   0.40   0.40   0.40 
 26.20  25.82  22.84  22.84   0.50   0.60   0.60   0.60 
 39.93  41.55  62.89  62.89   0.50   0.80   0.80   0.80 
 40.29  42.89  50.70  43.84   0.50   0.20   0.20   0.20 
 49.46  46.39  38.96  45.46   0.50   0.40   0.40   0.40 
 38.66  36.25  33.30  36.10   0.50   0.60   0.60   0.60 
 34.63  35.51  37.37  35.53   0.50   0.80   0.80   0.80 
 39.36  42.95  55.00  55.00   0.50   0.20   0.20   0.20 
 43.34  46.44  53.54  53.54   0.50   0.40   0.40   0.40 
 36.65  34.94  31.26  31.26   0.50   0.60   0.60   0.60 
 35.37  34.87  34.24  34.24   0.50   0.80   0.80   0.80 
 44.67  47.23  47.87  48.08   0.50   0.20   0.20   0.20 
 36.22  34.00  26.72  34.00   0.50   0.40   0.40   0.40 
 33.40  31.68  26.12  31.56   0.50   0.60   0.60   0.60 
 32.30  32.65  30.33  32.73   0.50   0.80   0.80   0.80 
 32.51  30.80  24.58  24.58   0.50   0.20   0.20   0.20 
 36.90  35.32  27.52  27.52   0.50   0.40   0.40   0.40 
 67.82  71.13  37.25  37.25   0.50   0.60   0.60   0.60 
 35.09  36.25  37.31  37.31   0.50   0.80   0.80   0.80 
 59.96  56.44  46.31  55.00   1.00   0.20   0.20   0.20 
 38.16  36.63  33.06  36.22   1.00   0.40   0.40   0.40 
 32.08  30.85  28.37  30.58   1.00   0.60   0.60   0.60 
 50.96  60.88  82.21  62.59   1.00   0.80   0.80   0.80 
 56.34  56.44  45.79  45.79   1.00   0.20   0.20   0.20 
 35.51  35.43  34.15  34.15   1.00   0.40   0.40   0.40 
 41.85  40.11  35.32  35.32   1.00   0.60   0.60   0.60 
 55.37  54.47  40.87  40.87   1.00   0.80   0.80   0.80 
 43.31  43.27  34.70  43.47   1.00   0.20   0.20   0.20 
 32.50  31.51  26.40  31.38   1.00   0.40   0.40   0.40 
 38.16  38.86  37.79  38.98   1.00   0.60   0.60   0.60 
104.09 262.62  60.88 252.88   1.00   0.80   0.80   0.80 
 29.85  28.85  23.75  23.75   1.00   0.20   0.20   0.20 
 30.11  31.38  45.66  45.66   1.00   0.40   0.40   0.40 
 75.98  73.68  35.92  35.92   1.00   0.60   0.60   0.60 
 43.95  41.52  29.33  29.33   1.00   0.80   0.80   0.80 
 34.46  33.80  32.19  33.59   1.00   0.20   0.20   0.20 
 32.64  31.77  30.33  31.81   1.00   0.40   0.40   0.40 
 42.43  40.58  37.42  40.02   1.00   0.60   0.60   0.60 
 77.23  68.65  52.44  68.44   1.00   0.80   0.80   0.80 
 68.65  78.54 131.35 131.35   1.00   0.20   0.20   0.20 
 28.69  29.13  32.44  32.44   1.00   0.40   0.40   0.40 
 35.42  33.40  29.24  29.24   1.00   0.60   0.60   0.60 
 32.53  32.36  30.51  30.51   1.00   0.80   0.80   0.80 
 37.59  39.73  39.04  39.75   1.00   0.20   0.20   0.20 
 47.13  43.67  30.31  43.50   1.00   0.40   0.40   0.40 
 54.56  48.08  31.62  47.72   1.00   0.60   0.60   0.60 
 37.34  34.24  26.72  33.69   1.00   0.80   0.80   0.80 
4488.20 -681.92  37.90  37.90   1.00   0.20   0.20   0.20 
 50.63  44.75  28.16  28.16   1.00   0.40   0.40   0.40 
 65.01  73.15  38.18  38.18   1.00   0.60   0.60   0.60 
 45.62  48.56  37.29  37.29   1.00   0.80   0.80   0.80 
 37.81  36.84  34.06  36.33   1.00   0.20   0.20   0.20 
 46.26  42.46  36.60  42.02   1.00   0.40   0.40   0.40 
 35.85  37.07  39.10  37.31   1.00   0.60   0.60   0.60 
 43.64  39.79  34.57  38.94   1.00   0.80   0.80   0.80 
 32.87  33.94  37.10  37.10   1.00   0.20   0.20   0.20 
 32.43  31.13  27.62  27.62   1.00   0.40   0.40   0.40 
 46.53  45.30  38.42  38.42   1.00   0.60   0.60   0.60 
 53.87  48.67  37.23  37.23   1.00   0.80   0.80   0.80 
 55.56  49.00  30.99  47.28   1.00   0.20   0.20   0.20 
-344.62 262.62  38.86 243.97   1.00   0.40   0.40   0.40 
 46.13  52.07  86.99  54.29   1.00   0.60   0.60   0.60 
 36.16  35.72  32.09  35.81   1.00   0.80   0.80   0.80 
 41.23  43.14  36.89  36.89   1.00   0.20   0.20   0.20 
-4377.37 369.29  36.78  36.78   1.00   0.40   0.40   0.40 
 43.21  39.88  27.61  27.61   1.00   0.60   0.60   0.60 
 44.75  47.23  43.18  43.18   1.00   0.80   0.80   0.80 
 37.12  35.51  32.06  35.21   1.50   0.20   0.20   0.20 
 65.54  72.11  83.85  78.89   1.50   0.40   0.40   0.40 
 41.50  41.44  40.41  40.80   1.50   0.60   0.60   0.60 
 35.70  35.58  33.76  34.99   1.50   0.80   0.80   0.80 
 60.08  53.87  38.70  38.70   1.50   0.20   0.20   0.20 
 42.64  40.51  35.06  35.06   1.50   0.40   0.40   0.40 
 36.19  37.56  43.98  43.98   1.50   0.60   0.60   0.60 
 25.76  26.04  26.45  26.45   1.50   0.80   0.80   0.80 
 36.18  37.64  48.29  38.57   1.50   0.20   0.20   0.20 
147.03 169.22  44.34 184.22   1.50   0.40   0.40   0.40 
 47.87  44.38  30.16  43.88   1.50   0.60   0.60   0.60 
 96.59  70.42  34.80  69.29   1.50   0.80   0.80   0.80 
136.66  81.43  31.46  31.46   1.50   0.20   0.20   0.20 
 32.58  31.02  24.86  24.86   1.50   0.40   0.40   0.40 
 73.41  63.20  31.98  31.98   1.50   0.60   0.60   0.60 
 55.00  63.36  46.80  46.80   1.50   0.80   0.80   0.80 
 53.79  55.09  54.21  55.85   1.50   0.20   0.20   0.20 
 39.22  37.06  33.61  36.49   1.50   0.40   0.40   0.40 
 37.28  37.67  36.43  37.79   1.50   0.60   0.60   0.60 
 41.80  39.97  35.88  39.24   1.50   0.80   0.80   0.80 
 47.42  53.70  83.02  83.02   1.50   0.20   0.20   0.20 
 60.88  66.45 113.72 113.72   1.50   0.40   0.40   0.40 
 80.31  97.26  69.29  69.29   1.50   0.60   0.60   0.60 
 32.40  31.89  30.13  30.13   1.50   0.80   0.80   0.80 
 49.88  45.66  30.24  44.75   1.50   0.20   0.20   0.20 
 63.84  68.86  48.72  70.65   1.50   0.40   0.40   0.40 
 29.83  29.57  25.54  29.37   1.50   0.60   0.60   0.60 
 42.73  39.32  28.59  38.86   1.50   0.80   0.80   0.80 
 35.56  34.00  26.24  26.24   1.50   0.20   0.20   0.20 
 39.84  37.77  27.13  27.13   1.50   0.40   0.40   0.40 
 44.86  39.34  27.30  27.30   1.50   0.60   0.60   0.60 
 38.04  41.05  47.67  47.67   1.50   0.80   0.80   0.80 
 44.64  41.83  35.38  40.20   1.50   0.20   0.20   0.20 
 48.61  46.13  38.47  44.64   1.50   0.40   0.40   0.40 
 32.15  32.28  31.35  32.04   1.50   0.60   0.60   0.60 
 54.73  61.85  66.08  62.74   1.50   0.80   0.80   0.80 
 46.35  46.94  50.83  50.83   1.50   0.20   0.20   0.20 
 39.28  40.97  45.18  45.18   1.50   0.40   0.40   0.40 
 38.74  37.18  32.07  32.07   1.50   0.60   0.60   0.60 
 64.67  58.97  43.47  43.47   1.50   0.80   0.80   0.80 
 55.09  48.56  31.66  48.08   1.50   0.20   0.20   0.20 
 42.25  41.91  33.69  41.39   1.50   0.40   0.40   0.40 
 30.41  30.15  26.98  29.91   1.50   0.60   0.60   0.60 
 45.26  44.41  36.81  46.13   1.50   0.80   0.80   0.80 
 82.21 111.58  41.85  41.85   1.50   0.20   0.20   0.20 
 27.04  26.49  23.26  23.26   1.50   0.40   0.40   0.40 
 33.77  34.40  39.24  39.24   1.50   0.60   0.60   0.60 
 33.24  32.32  27.43  27.43   1.50   0.80   0.80   0.80 
 48.18  45.38  38.62  44.52   2.00   0.20   0.20   0.20 
 54.21  48.72  39.26  46.09   2.00   0.40   0.40   0.40 
 35.53  35.39  34.63  35.53   2.00   0.60   0.60   0.60 
 34.54  32.60  30.08  32.52   2.00   0.80   0.80   0.80 
 30.27  29.77  28.00  28.00   2.00   0.20   0.20   0.20 
 52.15  53.22  56.44  56.44   2.00   0.40   0.40   0.40 
111.58  93.42  51.79  51.79   2.00   0.60   0.60   0.60 
 58.61  59.33  47.92  47.92   2.00   0.80   0.80   0.80 
 37.61  35.83  28.59  35.85   2.00   0.20   0.20   0.20 
 58.85  51.64  32.31  51.09   2.00   0.40   0.40   0.40 
 37.36  41.03 -2160.62  42.22   2.00   0.60   0.60   0.60 
 33.83  33.51  28.81  33.32   2.00   0.80   0.80   0.80 
 36.68  36.99  30.97  30.97   2.00   0.20   0.20   0.20 
 50.00  58.04  62.89  62.89   2.00   0.40   0.40   0.40 
 31.08  29.82  24.59  24.59   2.00   0.60   0.60   0.60 
 49.70  52.44  38.72  38.72   2.00   0.80   0.80   0.80 
 29.56  30.69  34.48  31.27   2.00   0.20   0.20   0.20 
 54.56  49.40  40.97  48.45   2.00   0.40   0.40   0.40 
 73.15  66.83  57.81  67.82   2.00   0.60   0.60   0.60 
 56.95  59.96  69.73  62.59   2.00   0.80   0.80   0.80 
 54.56  62.89 221.31 221.31   2.00   0.20   0.20   0.20 
 38.29  41.85  58.61  58.61   2.00   0.40   0.40   0.40 
 40.09  38.29  33.91  33.91   2.00   0.60   0.60   0.60 
 34.18  32.61  29.31  29.31   2.00   0.80   0.80   0.80 
 47.62  43.24  30.57  42.70   2.00   0.20   0.20   0.20 
 67.42  67.42  39.08  68.44   2.00   0.40   0.40   0.40 
 29.48  30.43  36.39  30.57   2.00   0.60   0.60   0.60 
 35.15  35.58  32.89  35.51   2.00   0.80   0.80   0.80 
 59.45  53.70  29.79  29.79   2.00   0.20   0.20   0.20 
104.94 104.09  36.20  36.20   2.00   0.40   0.40   0.40 
 34.73  36.92 393.82 393.82   2.00   0.60   0.60   0.60 
 24.50  25.06  32.52  32.52   2.00   0.80   0.80   0.80 
 34.68  35.21  34.48  35.14   2.00   0.20   0.20   0.20 
 40.18  40.04  39.28  40.68   2.00   0.40   0.40   0.40 
 31.56  30.88  28.54  30.49   2.00   0.60   0.60   0.60 
 36.83  36.08  34.09  35.61   2.00   0.80   0.80   0.80 
 65.18  76.59 115.99 115.99   2.00   0.20   0.20   0.20 
 32.54  31.15  28.18  28.18   2.00   0.40   0.40   0.40 
 58.97  51.50  40.25  40.25   2.00   0.60   0.60   0.60 
 52.29  46.22  35.25  35.25   2.00   0.80   0.80   0.80 
 38.38  36.25  27.73  36.18   2.00   0.20   0.20   0.20 
 38.74  36.07  27.37  35.42   2.00   0.40   0.40   0.40 
 42.64  40.65  30.77  40.36   2.00   0.60   0.60   0.60 
 43.95  47.92  54.82  48.56   2.00   0.80   0.80   0.80 
 60.74  64.16  39.04  39.04   2.00   0.20   0.20   0.20 
 38.96  41.55  43.21  43.21   2.00   0.40   0.40   0.40 
 33.49  32.49  25.10  25.10   2.00   0.60   0.60   0.60 
100.88  71.13  31.60  31.60   2.00   0.80   0.80   0.80 
 30.87  30.67  30.72  30.91   0.50   0.20   0.20   0.20 
 46.31  48.29  49.70  49.00   0.50   0.40   0.40   0.40 
 27.15  27.11  28.03  27.27   0.50   0.60   0.60   0.60 
 30.08  29.19  27.80  29.20   0.50   0.80   0.80   0.80 
 31.98  32.62  33.10  33.10   0.50   0.20   0.20   0.20 
 28.11  27.53  25.58  25.58   0.50   0.40   0.40   0.40 
 60.08  68.44  55.28  55.28   0.50   0.60   0.60   0.60 
 47.23  51.79  62.29  62.29   0.50   0.80   0.80   0.80 
 43.31  39.93  29.46  39.38   0.50   0.20   0.20   0.20 
 36.15  37.23  40.36  38.23   0.50   0.40   0.40   0.40 
 27.06  26.43  23.25  26.35   0.50   0.60   0.60   0.60 
 57.70  51.86  33.19  51.16   0.50   0.80   0.80   0.80 
 51.44  46.17  28.36  28.36   0.50   0.20   0.20   0.20 
 34.20  34.60  30.06  30.06   0.50   0.40   0.40   0.40 
 42.37  45.38 111.58 111.58   0.50   0.60   0.60   0.60 
 80.68  83.43  37.25  37.25   0.50   0.80   0.80   0.80 
 44.94  43.14  38.92  42.11   0.50   0.20   0.20   0.20 
 30.44  30.68  32.45  31.12   0.50   0.40   0.40   0.40 
 31.93  32.62  33.37  32.48   0.50   0.60   0.60   0.60 
 38.32  37.77  34.40  37.28   0.50   0.80   0.80   0.80 
 30.98  30.81  28.94  28.94   0.50   0.20   0.20   0.20 
 36.95  38.00  39.16  39.16   0.50   0.40   0.40   0.40 
 28.08  28.42  27.78  27.78   0.50   0.60   0.60   0.60 
 36.27  35.91  34.10  34.10   0.50   0.80   0.80   0.80 
193.14 262.62  43.14 312.91   0.50   0.20   0.20   0.20 
 25.11  25.01  24.14  25.00   0.50   0.40   0.40   0.40 
 42.43  40.04  29.40  39.55   0.50   0.60   0.60   0.60 
 27.31  27.69  29.48  27.93   0.50   0.80   0.80   0.80 
 34.46  36.29  54.64  54.64   0.50   0.20   0.20   0.20 
 25.46  25.75  26.93  26.93   0.50   0.40   0.40   0.40 
 40.73  37.66  26.76  26.76   0.50   0.60   0.60   0.60 
 36.15  37.37  37.84  37.84   0.50   0.80   0.80   0.80 
 28.17  28.09  27.34  27.98   0.50   0.20   0.20   0.20 
 28.02  28.98  30.88  29.22   0.50   0.40   0.40   0.40 
 26.57  26.26  25.43  26.17   0.50   0.60   0.60   0.60 
 27.94  27.81  27.57  27.84   0.50   0.80   0.80   0.80 
 24.98  25.11  25.61  25.61   0.50   0.20   0.20   0.20 
 29.50  28.46  26.25  26.25   0.50   0.40   0.40   0.40 
 27.11  27.71  29.17  29.17   0.50   0.60   0.60   0.60 
 32.93  32.43  31.13  31.13   0.50   0.80   0.80   0.80 
 30.93  32.31  44.05  32.72   0.50   0.20   0.20   0.20 
 31.98  31.97  30.99  31.97   0.50   0.40   0.40   0.40 
 29.76  29.79  27.76  29.81   0.50   0.60   0.60   0.60 
 26.92  27.80  32.25  27.87   0.50   0.80   0.80   0.80 
138.57  84.71  33.99  33.99   0.50   0.20   0.20   0.20 
 33.05  34.84  53.54  53.54   0.50   0.40   0.40   0.40 
 38.86  38.70  29.61  29.61   0.50   0.60   0.60   0.60 
 24.28  23.88  21.85  21.85   0.50   0.80   0.80   0.80 
 43.05  41.83  37.90  41.21   1.00   0.20   0.20   0.20 
 31.28  32.12  32.18  32.03   1.00   0.40   0.40   0.40 
 42.05  46.48  50.44  46.99   1.00   0.60   0.60   0.60 
 24.94  25.11  25.40  25.24   1.00   0.80   0.80   0.80 
 45.46  40.29  33.10  33.10   1.00   0.20   0.20   0.20 
 39.32  36.34  31.29  31.29   1.00   0.40   0.40   0.40 
 28.95  29.05  28.82  28.82   1.00   0.60   0.60   0.60 
 28.20  27.41  25.54  25.54   1.00   0.80   0.80   0.80 
 34.82  36.53  49.17  37.17   1.00   0.20   0.20   0.20 
 36.11  34.30  27.51  33.90   1.00   0.40   0.40   0.40 
 29.38  28.27  24.12  28.27   1.00   0.60   0.60   0.60 
 39.30  40.41  38.76  40.75   1.00   0.80   0.80   0.80 
 23.02  22.62  20.57  20.57   1.00   0.20   0.20   0.20 
 64.50  54.82  31.18  31.18   1.00   0.40   0.40   0.40 
 26.80  26.74  25.38  25.38   1.00   0.60   0.60   0.60 
 29.79  29.48  25.33  25.33   1.00   0.80   0.80   0.80 
 30.34  31.18  32.81  31.33   1.00   0.20   0.20   0.20 
 28.23  27.64  26.64  27.70   1.00   0.40   0.40   0.40 
 32.20  33.38  37.23  33.63   1.00   0.60   0.60   0.60 
 40.63  40.36  40.13  40.34   1.00   0.80   0.80   0.80 
 37.93  39.14  46.80  46.80   1.00   0.20   0.20   0.20 
 61.57  55.85  38.92  38.92   1.00   0.40   0.40   0.40 
 30.69  31.40  33.71  33.71   1.00   0.60   0.60   0.60 
 39.10  42.17  60.21  60.21   1.00   0.80   0.80   0.80 
 67.22  65.01  35.72  63.36   1.00   0.20   0.20   0.20 
 29.28  28.35  25.10  28.21   1.00   0.40   0.40   0.40 
 35.95  34.96  29.96  34.91   1.00   0.60   0.60   0.60 
 44.94  47.28  41.28  48.40   1.00   0.80   0.80   0.80 
 30.47  29.54  24.51  24.51   1.00   0.20   0.20   0.20 
252.88 2271.47  40.92  40.92   1.00   0.40   0.40   0.40 
169.22 298.27  41.31  41.31   1.00   0.60   0.60   0.60 
 41.50  45.96  60.61  60.61   1.00   0.80   0.80   0.80 
 51.86  52.44  51.30  54.47   1.00   0.20   0.20   0.20 
 31.93  31.70  31.24  31.54   1.00   0.40   0.40   0.40 
 36.98  35.89  33.55  35.38   1.00   0.60   0.60   0.60 
 25.06  24.99  24.60  24.95   1.00   0.80   0.80   0.80 
 69.73  77.55  53.95  53.95   1.00   0.20   0.20   0.20 
 52.90  60.08  59.83  59.83   1.00   0.40   0.40   0.40 
 29.71  31.12  34.82  34.82   1.00   0.60   0.60   0.60 
 25.09  25.24  26.18  26.18   1.00   0.80   0.80   0.80 
 30.48  29.77  25.96  29.70   1.00   0.20   0.20   0.20 
 56.14  50.96  32.71  49.64   1.00   0.40   0.40   0.40 
 65.01  59.96  33.89  56.85   1.00   0.60   0.60   0.60 
 73.68  77.55  42.86  78.21   1.00   0.80   0.80   0.80 
 27.20  26.35  23.10  23.10   1.00   0.20   0.20   0.20 
 24.32  23.99  21.71  21.71   1.00   0.40   0.40   0.40 
 23.19  22.90  21.24  21.24   1.00   0.60   0.60   0.60 
 36.15  34.43  26.37  26.37   1.00   0.80   0.80   0.80 
 32.91  34.11  36.98  34.65   1.50   0.20   0.20   0.20 
 23.44  23.16  22.60  23.14   1.50   0.40   0.40   0.40 
 33.60  32.67  30.50  32.60   1.50   0.60   0.60   0.60 
 28.57  28.49  28.10  28.49   1.50   0.80   0.80   0.80 
 32.11  31.66  30.13  30.13   1.50   0.20   0.20   0.20 
 31.72  32.11  33.76  33.76   1.50   0.40   0.40   0.40 
 52.00  56.95  68.86  68.86   1.50   0.60   0.60   0.60 
 26.61  26.27  25.06  25.06   1.50   0.80   0.80   0.80 
 88.46  95.93  44.12  90.02   1.50   0.20   0.20   0.20 
 29.00  28.16  24.79  27.98   1.50   0.40   0.40   0.40 
 33.04  33.44  34.36  33.70   1.50   0.60   0.60   0.60 
 31.86  32.71  38.00  33.31   1.50   0.80   0.80   0.80 
 50.83  46.00  28.54  28.54   1.50   0.20   0.20   0.20 
 58.85  61.43  35.72  35.72   1.50   0.40   0.40   0.40 
 36.65  38.72  42.31  42.31   1.50   0.60   0.60   0.60 
 36.93  34.47  25.96  25.96   1.50   0.80   0.80   0.80 
 25.92  26.43  27.16  26.41   1.50   0.20   0.20   0.20 
 40.29  41.52  40.06  41.10   1.50   0.40   0.40   0.40 
 31.19  31.71  34.40  31.88   1.50   0.60   0.60   0.60 
 30.50  30.61  30.42  30.69   1.50   0.80   0.80   0.80 
 43.08  41.47  34.47  34.47   1.50   0.20   0.20   0.20 
 26.67  26.44  25.76  25.76   1.50   0.40   0.40   0.40 
 35.06  35.84  37.39  37.39   1.50   0.60   0.60   0.60 
 43.88  45.26  49.58  49.58   1.50   0.80   0.80   0.80 
 29.99  30.66  32.90  30.99   1.50   0.20   0.20   0.20 
 41.28  43.37  48.50  45.46   1.50   0.40   0.40   0.40 
 58.26  57.81  37.46  55.19   1.50   0.60   0.60   0.60 
 30.65  31.47  35.08  31.88   1.50   0.80   0.80   0.80 
 68.23  80.68  40.32  40.32   1.50   0.20   0.20   0.20 
 66.64  60.47  34.15  34.15   1.50   0.40   0.40   0.40 
 39.55  38.21  27.98  27.98   1.50   0.60   0.60   0.60 
 35.59  33.86  26.26  26.26   1.50   0.80   0.80   0.80 
 33.08  32.88  32.63  33.03   1.50   0.20   0.20   0.20 
 30.13  29.80  28.69  29.67   1.50   0.40   0.40   0.40 
 41.63  41.94  45.70  44.16   1.50   0.60   0.60   0.60 
 26.77  26.90  26.81  26.84   1.50   0.80   0.80   0.80 
 53.06  49.76  40.77  40.77   1.50   0.20   0.20   0.20 
 27.44  27.90  30.80  30.80   1.50   0.40   0.40   0.40 
 66.64  57.93  39.82  39.82   1.50   0.60   0.60   0.60 
 25.15  24.96  23.98  23.98   1.50   0.80   0.80   0.80 
 42.28  45.30  57.06  46.00   1.50   0.20   0.20   0.20 
 25.13  24.73  22.14  24.58   1.50   0.40   0.40   0.40 
 31.81  31.74  30.12  31.88   1.50   0.60   0.60   0.60 
 33.50  32.42  26.50  32.21   1.50   0.80   0.80   0.80 
 33.58  34.46  35.68  35.68   1.50   0.20   0.20   0.20 
 24.39  24.11  21.93  21.93   1.50   0.40   0.40   0.40 
 30.41  29.40  24.55  24.55   1.50   0.60   0.60   0.60 
 37.37  38.84  38.61  38.61   1.50   0.80   0.80   0.80 
 27.27  27.76  29.20  27.83   2.00   0.20   0.20   0.20 
 42.17  45.42  57.27  47.04   2.00   0.40   0.40   0.40 
 27.23  27.05  26.28  27.01   2.00   0.60   0.60   0.60 
 28.77  29.03  29.26  29.10   2.00   0.80   0.80   0.80 
 48.40  51.64  50.25  50.25   2.00   0.20   0.20   0.20 
 37.25  35.08  30.00  30.00   2.00   0.40   0.40   0.40 
 30.30  29.64  26.99  26.99   2.00   0.60   0.60   0.60 
 28.81  28.70  28.26  28.26   2.00   0.80   0.80   0.80 
 31.02  30.47  25.85  30.02   2.00   0.20   0.20   0.20 
 35.03  35.42  33.48  35.63   2.00   0.40   0.40   0.40 
 30.04  29.65  27.28  29.73   2.00   0.60   0.60   0.60 
 50.19  47.92  33.16  47.92   2.00   0.80   0.80   0.80 
 38.90  37.03  27.62  27.62   2.00   0.20   0.20   0.20 
 28.25  29.19  47.67  47.67   2.00   0.40   0.40   0.40 
 25.66  24.95  21.95  21.95   2.00   0.60   0.60   0.60 
 33.67  32.15  24.96  24.96   2.00   0.80   0.80   0.80 
 27.44  27.09  25.98  26.94   2.00   0.20   0.20   0.20 
 54.47  49.11  39.66  46.80   2.00   0.40   0.40   0.40 
 22.92  22.79  22.28  22.74   2.00   0.60   0.60   0.60 
 29.81  29.19  27.21  28.87   2.00   0.80   0.80   0.80 
 33.13  31.89  29.35  29.35   2.00   0.20   0.20   0.20 
 28.62  29.00  28.91  28.91   2.00   0.40   0.40   0.40 
 36.23  36.49  37.95  37.95   2.00   0.60   0.60   0.60 
 50.57  48.56  39.06  39.06   2.00   0.80   0.80   0.80 
 75.68  66.83  35.19  63.20   2.00   0.20   0.20   0.20 
 27.66  26.86  23.59  26.74   2.00   0.40   0.40   0.40 
101.65  98.66  42.05  94.65   2.00   0.60   0.60   0.60 
 26.51  25.66  22.73  25.54   2.00   0.80   0.80   0.80 
 22.98  22.67  20.63  20.63   2.00   0.20   0.20   0.20 
 27.73  28.66  41.03  41.03   2.00   0.40   0.40   0.40 
 50.25  45.92  29.99  29.99   2.00   0.60   0.60   0.60 
 90.02  72.11  32.25  32.25   2.00   0.80   0.80   0.80 
 27.05  27.46  28.30  27.66   2.00   0.20   0.20   0.20 
 37.95  37.03  35.13  36.96   2.00   0.40   0.40   0.40 
 27.82  27.99  29.50  28.14   2.00   0.60   0.60   0.60 
 31.96  32.71  34.57  33.10   2.00   0.80   0.80   0.80 
 26.46  26.39  26.06  26.06   2.00   0.20   0.20   0.20 
 33.30  34.52  41.52  41.52   2.00   0.40   0.40   0.40 
 38.57  36.49  31.20  31.20   2.00   0.60   0.60   0.60 
 56.95  51.50  41.83  41.83   2.00   0.80   0.80   0.80 
 31.13  29.86  24.89  29.70   2.00   0.20   0.20   0.20 
 32.06  33.13  44.20  33.33   2.00   0.40   0.40   0.40 
 24.15  23.93  21.81  23.83   2.00   0.60   0.60   0.60 
 52.44  62.00 142.63  69.29   2.00   0.80   0.80   0.80 
 31.59  31.57  29.61  29.61   2.00   0.20   0.20   0.20 
 55.94  53.30  32.30  32.30   2.00   0.40   0.40   0.40 
 30.36  30.84  27.81  27.81   2.00   0.60   0.60   0.60 
 27.41  26.60  22.82  22.82   2.00   0.80   0.80   0.80 
bye ...
